world: world
x: -276.1414013037453
y: 54.0
z: 694.4164499981612
yaw: 96.1414
pitch: 56.700012
name: lol
